1 108 8
2 112 12
3 116 16
4 120 20
5 124 24
6 128 28
7 132 32
8 136 36
9 140 40
10 144 44
11 148 48
12 152 52
13 156 56
14 160 60
15 164 64
16 168 68
17 172 72
18 176 76
19 180 80
20 184 84
21 188 88
22 192 92
23 196 96
24 200 100
25 204 104
26 208 108
27 212 112
28 216 116
29 220 120
30 224 124
31 228 128
32 232 132
33 236 136
34 240 140
35 244 144
36 248 148
37 252 152
38 256 156
39 260 160
40 264 164
41 268 168
42 272 172
43 276 176
44 280 180
45 284 184
46 288 188
47 292 192
48 296 196
49 300 200
50 304 204
51 308 208
52 312 212
53 316 216
54 320 220
55 324 224
56 328 228
57 332 232
58 336 236
59 340 240
60 344 244
61 348 248
62 352 252
63 356 256
64 360 260
65 364 264
66 368 268
67 372 272
68 376 276
69 380 280
70 384 284
71 388 288
72 392 292
73 396 296
74 400 300
75 404 304
76 408 308
77 412 312
78 416 316
79 420 320
80 424 324
81 428 328
82 432 332
83 436 336
84 440 340
85 444 344
86 448 348
87 452 352
88 456 356
89 460 360
90 464 364
91 468 368
92 472 372
93 476 376
94 480 380
95 484 384
96 488 388
97 492 392
98 496 396
99 500 400
100 504 404
